%YAML:1.0
---
K1: !!opencv-matrix
   rows: 3
   cols: 3
   dt: d
   data: [ 6.0615999999999997e+02, 0., 6.3497900000000004e+02, 0.,
       6.0579999999999995e+02, 5.0533300000000003e+02, 0., 0., 1. ]
K2: !!opencv-matrix
   rows: 3
   cols: 3
   dt: d
   data: [ 6.0691099999999994e+02, 0., 5.9841200000000003e+02, 0.,
       6.0665599999999995e+02, 4.7116100000000000e+02, 0., 0., 1. ]
D1: [ -1.0699900000000000e-02, -2.7024300000000000e-03,
    -7.1968300000000004e-04, -6.0172500000000000e-05 ]
D2: [ -1.4396200000000000e-02, 6.6913700000000003e-03,
    -1.0412500000000000e-02, 3.5331700000000000e-03 ]
R: !!opencv-matrix
   rows: 3
   cols: 3
   dt: d
   data: [ 9.9977052015000001e-01, 6.5159848599999999e-03,
       2.0407081450000000e-02, -6.9544958499999998e-03,
       9.9974484382999995e-01, 2.1491445259999999e-02,
       -2.0261836520000000e-02, -2.1628434370000001e-02,
       9.9956073793000000e-01 ]
T: [ -1.9951845603000001e-01, 1.3088875500000001e-03,
    2.3305269200000001e-03 ]
R1: !!opencv-matrix
   rows: 3
   cols: 3
   dt: d
   data: [ 9.9996308583727322e-01, 2.1004346001505549e-04,
       8.5896940890281357e-03, -3.0275425331554857e-04,
       9.9994170390747339e-01, 1.0793383458448706e-02,
       -8.5869262638198461e-03, -1.0795585596155496e-02,
       9.9990485548824881e-01 ]
R2: !!opencv-matrix
   rows: 3
   cols: 3
   dt: d
   data: [ 9.9991027368879248e-01, -6.5596443275859591e-03,
       -1.1679710522943811e-02, 6.4331816782257608e-03,
       9.9992063352674199e-01, -1.0832396824974501e-02,
       1.1749840215898052e-02, 1.0756287174222660e-02,
       9.9987311372049925e-01 ]
P1: !!opencv-matrix
   rows: 3
   cols: 4
   dt: d
   data: [ 4.4823751699200375e+02, 0., 5.8937858082607681e+02, 0., 0.,
       4.4823751699200375e+02, 4.7506390287246745e+02, 0., 0., 0., 1.,
       0. ]
P2: !!opencv-matrix
   rows: 3
   cols: 4
   dt: d
   data: [ 4.4823751699200375e+02, 0., 5.8937858082607681e+02,
       -8.9439682417744422e+01, 0., 4.4823751699200375e+02,
       4.7506390287246745e+02, 0., 0., 0., 1., 0. ]
Q: !!opencv-matrix
   rows: 4
   cols: 4
   dt: d
   data: [ 1., 0., 0., -5.8937858082607681e+02, 0., 1., 0.,
       -4.7506390287246745e+02, 0., 0., 0., 4.4823751699200375e+02, 0.,
       0., 5.0116179404397734e+00, 0. ]
Kd: !!opencv-matrix
   rows: 3
   cols: 3
   dt: d
   data: [ 1.5335100000000000e+02, 0., 1.7870200000000000e+02, 0.,
       1.5328899999999999e+02, 1.3750500000000000e+02, 0., 0., 1. ]
Dd: [ 1.4249000000000001e-01, -1.7366599999999999e-01,
    -6.4288900000000000e-04, -1.3791700000000000e-05,
    4.2862499999999998e-02 ]
Rd_l: !!opencv-matrix
   rows: 3
   cols: 3
   dt: d
   data: [ -9.9980800620999999e-01, 8.5753370200000005e-03,
       1.7618578570000001e-02, -8.4483573800000003e-03,
       -9.9993789168000002e-01, 7.2689783899999999e-03,
       1.7679818250000000e-02, 7.1187347400000003e-03,
       9.9981835732000002e-01 ]
td_l: [ -9.4947441499999993e-02, 1.1551675540000000e-02,
    -2.2150644260000001e-02 ]
